35
48
4
15
20
3
25
88
95
16
28
92
5
75
31
13
34
77
99
59
90
33
9
6
21
12
32
58
56
37
55
36
45
43
39
46
63
8
93
86
1
96
83
22
73
38
54
69
24
29
98
49
14
11
10
42
27
78
65
51
94
7
97
2
79
81
72
30
80
76
85
84
64
60
17
62
68
41
44
40
19
23
52
53
82
26
71
87
50
57
70
18
66
61
47
74
67
89
100
91
574274123475666821584711413027511869822625649952093683453391709210857997723671003873533977149178471822318163504193596148153688619078944489523255643776386542965872540805241398439928721626465960